0
0
7 6 1
7 7 1
7 8 1
7 9 1
7 10 1
7 11 1
8 6 1
8 7 1
8 8 1
8 9 1
8 10 1
8 11 1
9 6 1
9 7 1
9 8 1
9 9 1
9 10 1
9 11 1
9 12 1
9 13 1
9 14 1
9 15 1
9 16 1
9 17 1
10 6 1
10 7 1
10 8 1
10 9 1
10 10 1
10 11 1
10 12 1
10 13 1
10 14 1
10 15 1
10 16 1
10 17 1
11 6 1
11 7 1
11 8 1
11 9 1
11 10 1
11 11 1
11 16 1
11 17 1
12 6 1
12 7 1
12 8 1
12 9 1
12 10 1
12 11 1
12 16 1
12 17 1
13 16 1
13 17 1
14 16 1
14 17 1
15 16 1
15 17 1
16 16 1
16 17 1
17 9 1
17 10 1
17 11 1
17 12 1
17 13 1
17 14 1
17 15 1
17 16 1
17 17 1
18 9 1
18 10 1
18 11 1
18 12 1
18 13 1
18 14 1
18 15 1
18 16 1
18 17 1
19 9 1
19 10 1
