10
10
1 17 1
1 18 3
2 17 1
3 0 4
3 1 1
3 2 1
3 3 1
3 4 1
3 5 1
3 6 1
3 17 1
4 6 1
4 8 1
4 9 1
4 10 1
4 17 1
5 6 1
5 7 1
5 8 1
5 10 1
5 12 1
5 13 1
5 14 1
5 17 1
6 10 1
6 11 1
6 12 1
6 14 1
6 17 1
7 14 1
7 17 1
8 14 1
8 17 1
9 14 1
9 17 1
10 14 1
10 17 1
11 6 1
11 7 1
11 8 1
11 10 1
11 11 1
11 12 1
11 14 1
11 17 1
12 3 1
12 4 1
12 5 1
12 6 1
12 8 1
12 9 1
12 10 1
12 12 1
12 13 1
12 14 1
12 17 1
13 3 1
13 17 1
14 3 1
14 17 1
15 3 1
15 17 1
16 3 1
16 17 1
17 3 1
17 4 1
17 5 1
17 6 1
17 7 1
17 8 1
17 9 1
17 10 1
17 11 1
17 12 1
17 13 1
17 14 1
17 15 1
17 16 1
17 17 1
