40
20
0 8 4
1 8 1
2 8 1
3 8 1
4 4 1
4 5 1
4 6 1
4 7 1
4 8 1
5 4 1
5 9 1
5 10 1
5 11 1
5 12 1
5 13 1
6 4 1
6 9 1
6 13 1
7 4 1
7 9 1
7 13 1
7 18 3
8 4 1
8 9 1
8 13 1
8 18 1
9 4 1
9 5 1
9 6 1
9 7 1
9 8 1
9 9 1
9 13 1
9 18 1
10 13 1
10 18 1
11 13 1
11 18 1
12 13 1
12 18 1
13 4 1
13 5 1
13 6 1
13 7 1
13 8 1
13 9 1
13 10 1
13 11 1
13 12 1
13 13 1
13 18 1
14 4 1
14 18 1
15 4 1
15 9 1
15 10 1
15 11 1
15 12 1
15 13 1
15 14 1
15 15 1
15 16 1
15 17 1
15 18 1
16 4 1
16 9 1
17 4 1
17 9 1
18 4 1
18 5 1
18 6 1
18 7 1
18 8 1
18 9 1
